558257632
555393754
558426920
555777303
577757092
577541421
595493690
558066636
555089693
577548283
577813287
555659752
595653861
558752722
555580860
558415105
558495105
555727848
577614329
577401089
577390593
577548919
577862316
595266928
558402417
577652297
558456363
577564966
577973835
577874521
577469296
577921366
577100445
555646534
558046179
577507804
577752311
555809498
558792857
577023331
555321480
577547475
558397518
595237457
577537574
595154580
577668599
595155800
555995731
595927053
595720569
595761395
595960598
595832137
595023033
595765089
595276341
558733861
595316135
558205700
595058320
555198912
555338804
558473418
555969761
558037797
577389901
577547689
595339641
558385815
577189210
577795614
558931053
577753716
558075114
555217194
555796790
577128326
558259543
555840093
595578520
558530130
558042907
595421191
558780637
558671164
595066887
555170315
558909585
577145193
555212244
577964253
577123660
577033510
555323174
577094426
558619942
595098868
577978437
558256414
